% -------------------------------------------------------------------
%  Generated by MATLAB on 26-Sep-2023 01:12:01
%  MATLAB version: 9.12.0.1884302 (R2022a)
% -------------------------------------------------------------------
                                      

ans = '';

simout_arr = [43.791837265618071; 9.4089232428972256; 135.77294337366379; ...
              135.85928116732245; 186.93857918816553; 76.7004154979719; ...
              103.88327441359091; 166.1930692224731; 6.9144221054922888; ...
              10.692327008905043; 105.94003866703252; 134.22987681544848; ...
              1.5396372422294864; 76.683130150978982; 13.368447503712236; ...
              83.497194891561378; 137.35454247209921; 117.79532857136583; ...
              186.08729894556447; 169.23337810171461; 105.38575551723397; ...
              18.392978151511858; 130.78379245977095; 83.199871370196291; ...
              140.23811888892118; 182.06416609793163; 152.43960793709363; ...
              52.490598732834023; 9.4929027415313314; 147.21637691707181; ...
              65.646845226011635; 126.52771357750878; 151.28209719028422; ...
              198.20747710680936; 73.067734145125257; 49.407777120083466; ...
              196.51005724282473; 144.53208015511373; 150.67116699678411; ...
              130.3037149507104; 14.537176589731676; 126.32694362026031; ...
              176.94142571508021; 54.541993352836926; 87.282281130218081; ...
              153.29895557523656; 95.546353000936264; 47.55488673576847; ...
              54.981368060680744; 71.852995861253234; 33.301440083096473; ...
              ];

simout_str = struct;
simout_str.time = [0; 2; 4; 6; 8; 10; 12; 14; 16; 18; 20; 22; 24; 26; 28; ...
                   30; 32; 34; 36; 38; 40; 42; 44; 46; 48; 50; 52; 54; ...
                   56; 58; 60; 62; 64; 66; 68; 70; 72; 74; 76; 78; 80; ...
                   82; 84; 86; 88; 90; 92; 94; 96; 98; 100];
simout_str.signals = struct;
simout_str.signals.values = [43.791837265618071; 9.4089232428972256; 135.77294337366379; ...
                             135.85928116732245; 186.93857918816553; 76.7004154979719; ...
                             103.88327441359091; 166.1930692224731; 6.9144221054922888; ...
                             10.692327008905043; 105.94003866703252; 134.22987681544848; ...
                             1.5396372422294864; 76.683130150978982; 13.368447503712236; ...
                             83.497194891561378; 137.35454247209921; 117.79532857136583; ...
                             186.08729894556447; 169.23337810171461; 105.38575551723397; ...
                             18.392978151511858; 130.78379245977095; 83.199871370196291; ...
                             140.23811888892118; 182.06416609793163; 152.43960793709363; ...
                             52.490598732834023; 9.4929027415313314; 147.21637691707181; ...
                             65.646845226011635; 126.52771357750878; 151.28209719028422; ...
                             198.20747710680936; 73.067734145125257; 49.407777120083466; ...
                             196.51005724282473; 144.53208015511373; 150.67116699678411; ...
                             130.3037149507104; 14.537176589731676; 126.32694362026031; ...
                             176.94142571508021; 54.541993352836926; 87.282281130218081; ...
                             153.29895557523656; 95.546353000936264; 47.55488673576847; ...
                             54.981368060680744; 71.852995861253234; 33.301440083096473; ...
                             ];
simout_str.signals.dimensions = 1;
simout_str.signals.label = '';
simout_str.blockName = 'Model_sim/To Workspace';

